0.235203
0.426816
0.541981
0.262690
0.340259
0.454350
0.997830
0.950611
0.749101
0.056286
0.686627
0.248152
0.758084
0.255371
0.426203
0.905699
0.472774
0.265774
0.702895
0.121617
0.266217
0.027176
0.169440
0.655536
0.327436
0.202223
0.801581
0.917688
0.093353
0.159762
0.958161
0.328556
0.586578
0.500142
0.591245
0.926836
0.954492
0.589075
0.877448
0.703593
0.645361
0.564075
0.951745
0.403445
0.819446
0.377948
0.309144
0.292220
0.643722
0.012038
0.413837
0.909939
0.039214
0.583277
0.565475
0.366650
0.785500
0.367056
0.284338
0.878853
0.526818
0.242498
0.207408
0.113396
0.742640
0.798653
0.040232
0.697132
0.387728
0.917679
0.400725
0.033089
0.481754
0.352470
0.436534
0.301200
0.730418
0.745677
0.593421
0.374140
0.757716
0.007258
0.284080
0.796930
0.590534
0.849555
0.163580
0.376034
0.216612
0.447918
0.254887
0.743430
0.690416
0.462295
0.856825
0.433056
0.260948
0.897057
0.130188
0.648677
