-0.002603
-0.000933
0.000483
-0.001600
-0.001391
-0.000146
0.005080
0.004453
0.002236
-0.004042
0.001303
-0.002622
0.002887
-0.002031
-0.000648
0.003920
0.000499
-0.001782
0.002003
-0.003339
-0.001916
-0.004573
-0.003002
0.002102
-0.001653
-0.002044
0.002806
0.004198
-0.003441
-0.002927
0.004642
-0.001140
0.000747
0.000304
0.001783
0.004627
0.004502
0.001782
0.003868
0.002194
0.001718
0.000508
0.004910
-0.001077
0.003517
-0.000588
-0.001805
-0.001463
0.001702
-0.004769
-0.000366
0.004506
-0.004005
0.001134
0.001066
-0.000504
0.003004
-0.000706
-0.001469
0.003558
0.000600
-0.002125
-0.002548
-0.003134
0.002257
0.003132
-0.003539
0.001898
-0.000799
0.004186
-0.000510
-0.004231
0.000344
-0.001261
-0.001044
-0.001532
0.002464
0.002395
0.001188
-0.001304
0.002766
-0.004511
-0.001681
0.003064
0.001099
0.003766
-0.002953
-0.001105
-0.002529
-0.000165
-0.002423
0.002139
0.001900
-0.000502
0.004049
-0.000806
-0.002312
0.003470
-0.003069
0.001275
