0.59873677399637859
0.50559834694219929
0.062804531797264224
0.54272846017658649
0.30983155328851142
0.66360273242858536
0.087851471775822504
0.95586944695563081
0.75159676174639778
0.46003157108644299
0.92109548994780222
0.44316987574784733
0.85097875019603753
0.22589195902713335
0.50644478458415587
0.84691507082934048
0.50562384748561362
0.91352608190030593
0.0080406200302714868
0.3385960563731078
0.4595230037622961
0.053965570443795643
0.75129958788784623
0.3497515974359538
0.87513920891307984
0.11506340612289126
0.061052188776318517
0.7625701673125459
0.77679668542611457
0.96403942580928126
0.78515952768614994
0.37553345894056822
0.4696377727587433
0.84796405948055376
0.918261919124851
0.77946932602693031
0.5115667914530857
0.0061133909152097671
0.73533877250198598
0.2631635527576251
0.46614496199041894
0.65643426247088166
0.70633342847662117
0.31712371173148585
0.88232622149609852
0.21277821306276423
0.16403878208832257
0.38795006851941188
0.12630429452299405
0.17207940209692149
0.72654612490418868
0.58582729873408435
0.22604497253372641
0.47784571279690607
0.93557889616600842
0.10118418098663073
0.59290911890987263
0.99663108493298469
0.8637543487621635
0.36970580386690116
0.96067051074478238
0.64891387599307238
0.74523926327620549
0.430308283046901
0.49687793547995279
0.66350118194384289
0.20977760861871242
0.0084447264832640794
0.66961457285089343
0.94511638113493979
0.27160827967847262
0.13575953484557848
0.60155064314637052
0.97794170815761583
0.45288324656695572
0.48387686417815784
0.19071992076573943
0.61692202910430993
0.87182693315692583
0.31702421574775291
0.78900143120519661
0.59837305758743409
0.90285151447665779
0.015046403755925086
0.076218769928321606
0.83843041016792585
0.11623058473670783
0.66912788883029894
0.8350614946484255
0.97998493349828819
0.038833692699077133
0.79573200492847285
0.6288988094869008
0.78407295597225535
0.2260402875228148
0.12577674450965981
0.44757413745196145
0.43581789613731159
0.13422147098504134
0.11718871030956751
