1406.759176674992
1392.1525955114553
1332.1891835661556
1317.8314086703467
1372.7497066325143
1277.8085881959923
1241.4084081319297
1413.8117683079677
1407.5765896903335
1353.4405335339588
1440.529857090655
1388.9418180803996
1477.8878883165439
1369.1076203203522
1423.4965963097914
1445.7708470396769
1210.3191795761402
1393.6012287252588
1436.4419124288195
1250.0132515510732
1299.6722031936033
1314.8364184925481
1334.3046402053888
1321.4542162538628
1529.6241238037892
1361.3642793074005
1419.5071884827546
1427.2246912640926
1413.194643889972
1353.612037717377
1343.9850998828117
1354.5373721056262
1418.5903491023382
1327.1147789809074
1447.7287271146199
1418.9595033593362
1172.4302351654296
1188.3452213270014
1478.2459192750005
1330.47710095042
1412.8487098355643
1374.8591281117704
1479.5023631078595
1354.3337927059197
1486.8548882079485
1269.0499086518769
1278.3430522285298
1374.469884634836
1402.1676674735172
1530.593039082951
1345.5139755886989
1350.6411831555745
1341.1034296415435
1376.3128661968055
1390.6231087950614
1235.78393245794
1456.7968822339249
1443.2089267606407
1319.6421432064485
1350.5539205478369
1411.9111285589734
1411.7658717173954
1421.6867642175623
1336.7410266927106
1462.9966341072136
1238.5640409210598
1395.5324853764305
1210.5348464678755
1242.0782485269078
1522.4698453247054
1414.4110997877551
1350.9059330087148
1171.6649800351358
1396.7007354779769
1408.4612561373895
1360.6195168186027
1356.3708120987001
1454.2294338384454
1369.3709623600839
1323.6772288663756
1396.3629228505743
1375.8918402205391
1403.7009262124225
1298.3617480144405
1215.3433015092023
1385.0979342579355
1247.4942172070789
1462.0369676839478
1503.177779653993
1383.131132431412
1295.3357954345031
1372.9623455966071
1400.4879793118575
1341.1281949683503
1263.1081095151574
1278.695301761921
1328.7653812508861
1477.622224014933
1324.3936285902146
1339.4910369317081
