0.59873677398950642
0.50559834693819206
0.062804531800935287
0.54272846018091236
0.30983155328306905
0.66360273243095858
0.087851471774210904
0.9558694469536978
0.75159676175173218
0.46003157108092291
0.92109548995322332
0.44316987574248101
0.85097875020046665
0.22589195902733689
0.50644478458279962
0.84691507082754514
0.50562384748161948
0.91352608190547957
0.0080406200178156709
0.33859605637313617
0.45952300376236577
0.053965570430255294
0.75129958789390494
0.34975159743323531
0.87513920891803654
0.11506340611496167
0.061052188771335496
0.76257016731545801
0.77679668542779823
0.96403942581454261
0.7851595276897585
0.37553345895164342
0.46963777275273472
0.84796405949069376
0.91826191913255584
0.77946932603580377
0.51156679145599104
0.0061133909067667049
0.73533877252384028
0.26316355274206193
0.46614496198768957
0.65643426247706371
0.70633342848454295
0.31712371172249493
0.88232622150440054
0.21277821306734263
0.16403878208437878
0.38795006852035879
0.12630429450716091
0.17207940210219444
0.7265461248934949
0.58582729873518802
0.22604497253244973
0.47784571278739985
0.93557889616842327
0.10118418098482498
0.59290911890236153
0.99663108493975883
0.86375434876594426
0.36970580386449853
0.96067051075430143
0.64891387599004147
0.74523926328180323
0.43030828304137492
0.49687793548073522
0.66350118194869778
0.2097776086115174
0.0084447264710649506
0.66961457285546444
0.94511638113535767
0.27160827967878814
0.13575953484315403
0.6015506431467601
0.97794170816333115
0.45288324656564893
0.48387686418549941
0.19071992076501246
0.61692202911568905
0.87182693317151949
0.31702421573783468
0.78900143121788346
0.59837305759935322
0.9028515144730227
0.015046403750333191
0.07621876992109175
0.83843041017578468
0.11623058473515817
0.66912788882345331
0.83506149464988222
0.9799849335011025
0.038833692687951817
0.79573200493852236
0.62889880949114396
0.78407295596975501
0.22604028751423597
0.1257767445062179
0.44757413745279151
0.43581789612575333
0.13422147097728285
0.11718871030825596
